total number of instances by class (0 = >30, NO; 1 = <30)
0    4445
1     555
Name: readmitted, dtype: int64
total number of instances by class (0 = >30, NO; 1 = <30)
0    4445
1     555
Name: readmitted, dtype: int64
total number of instances by class (0 = >30, NO; 1 = <30)
0    90409
1    11357
Name: readmitted, dtype: int64
total number of instances by class (0 = >30, NO; 1 = <30)
0    4445
1     555
Name: readmitted, dtype: int64
1	0	0.810588442354
2	0	0.879598718395
3	0	0.863403853615
1	10	0.909879374999
2	10	0.903520487694
3	10	0.865668944
1	20	0.91824943118
2	20	0.921236458205
3	20	0.878843187163
1	30	0.921045573505
2	30	0.924852830291
3	30	0.875331128337
1	40	0.919481351801
2	40	0.929631678712
3	40	0.876441653166
1	50	0.925043389005
2	50	0.929775444444
3	50	0.876929984004
1	60	0.920309247946
2	60	0.930509230217
3	60	0.875443540146
1	70	0.919989180639
2	70	0.928109000843
3	70	0.876959263865
1	80	0.9196344792
2	80	0.931601402131
3	80	0.875627483003
1	90	0.920635270318
2	90	0.929699381071
3	90	0.871437343373
1	100	0.915438135755
2	100	0.930684755801
3	100	0.871089066608
1	110	0.915838581074
2	110	0.927327260677
3	110	0.863315505268
1	120	0.916145322517
2	120	0.925892238574
3	120	0.869291936798
1	130	0.907635913811
2	130	0.922155410911
3	130	0.858348932188
1	140	0.907662940451
2	140	0.922567643042
3	140	0.858711362683
